642133 -19.8505356, -43.2155762
642140 -19.8506372, -43.2158042
642147 -19.8507575, -43.2160893
642154 -19.8505614, -43.2163493
642161 -19.8503829, -43.2165709
642168 -19.8504062, -43.2152913
642175 -19.8502677, -43.2149873
642182 -19.8501290, -43.2146738
642189 -19.8493488, -43.2152363
642196 -19.8495999, -43.2150521
642203 -19.8498689, -43.2148581
642238 -19.8494068, -43.2129157
642245 -19.8495457, -43.2132483
642273 -19.8497029, -43.2136188
642280 -19.8498420, -43.2139705
642287 -19.8499899, -43.2143126
642294 -19.8492678, -43.2125640
642301 -19.8491380, -43.2122313
642308 -19.8489807, -43.2118607
642315 -19.8488236, -43.2115092
642336 -19.8505889, -43.2073842
642343 -19.8509306, -43.2072276
642350 -19.8502376, -43.2074836
642357 -19.8500122, -43.2075339
642378 -19.8511281, -43.2071108
642385 -19.8514208, -43.2065729
642406 -19.8452631, -43.2068807
642434 -19.8454406, -43.2065637
642441 -19.8477295, -43.2069103
642455 -19.8481835, -43.2071343
642462 -19.8460177, -43.2064617
642469 -19.8457820, -43.2063785
642476 -19.8455824, -43.2062948
642483 -19.8454909, -43.2061717
642497 -19.8453340, -43.2058489
642511 -19.8462985, -43.2065350
642518 -19.8465428, -43.2065799
642525 -19.8468419, -43.2066721
642532 -19.8471596, -43.2068308
642539 -19.8452289, -43.2052772
642546 -19.8452770, -43.2055631
642560 -19.8517849, -43.2050508
642574 -19.8516836, -43.2057584
642581 -19.8515704, -43.2061798
642588 -19.8517900, -43.2046593
642595 -19.8518228, -43.2043248
642630 -19.8197710, -43.2042078
642637 -19.8200227, -43.2040809
642651 -19.8203927, -43.2040481
642693 -19.8216875, -43.2043485
642707 -19.8219018, -43.2040979
642714 -19.8214047, -43.2040749
642721 -19.8207356, -43.2040060
642728 -19.8210605, -43.2039833
642749 -19.8495459, -43.2033861
642756 -19.8495686, -43.2029467
642763 -19.8495082, -43.2023364
642770 -19.8493216, -43.2017465
642819 -19.8220889, -43.2038381
642826 -19.8223122, -43.2035874
642833 -19.8218333, -43.2035737
642840 -19.8215959, -43.2033187
642847 -19.8214043, -43.2031299
642889 -19.8209300, -43.2035743
642903 -19.8206744, -43.2033099
642924 -19.8204553, -43.2030833
642938 -19.8202271, -43.2028472
642952 -19.8200170, -43.2026205
642959 -19.8197889, -43.2023940
642966 -19.8195526, -43.2022535
642980 -19.8227275, -43.2035637
642987 -19.8225174, -43.2033369
642994 -19.8222437, -43.2030632
643015 -19.8220153, -43.2028080
643022 -19.8217688, -43.2025531
643057 -19.8481762, -43.2010339
643064 -19.8486915, -43.2010758
643071 -19.8491440, -43.2011566
643099 -19.8477152, -43.2010009
643106 -19.8476573, -43.2015362
643113 -19.8475816, -43.2020907
643120 -19.8475602, -43.2026543
643127 -19.8474665, -43.2032186
643141 -19.8473081, -43.2036309
643148 -19.8477895, -43.2003127
643155 -19.8471624, -43.2008257
643253 -19.8193075, -43.2021321
643260 -19.8192435, -43.2020565
643267 -19.8191871, -43.2018376
643274 -19.8192014, -43.2014651
643330 -19.8190999, -43.2012563
643337 -19.8190159, -43.2009900
643344 -19.8161963, -43.2008690
643351 -19.8188781, -43.2007624
643358 -19.8186329, -43.2006316
643365 -19.8182984, -43.2006067
643372 -19.8169069, -43.2005651
643379 -19.8166268, -43.2005587
643386 -19.8179906, -43.2005338
643393 -19.8172588, -43.2005229
643400 -19.8163103, -43.2005336
643407 -19.8176291, -43.2005188
643414 -19.8455401, -43.2002998
643421 -19.8458211, -43.2003921
643428 -19.8461020, -43.2004844
643435 -19.8466096, -43.2006506
643463 -19.8449278, -43.2004977
643470 -19.8443246, -43.2006954
643477 -19.8437213, -43.2008932
643484 -19.8431085, -43.2010337
643491 -19.8148195, -43.2005027
643498 -19.8150990, -43.2004518
643505 -19.8154869, -43.2003902
643512 -19.8146642, -43.2003326
643519 -19.8157840, -43.2002914
643526 -19.8160817, -43.2002594
643533 -19.8145078, -43.2000480
643540 -19.8144512, -43.1998100
643547 -19.8144133, -43.1996386
643554 -19.8162460, -43.2004198
643610 -19.8140649, -43.1991271
643631 -19.8143434, -43.1989713
643638 -19.8146033, -43.1987679
643659 -19.8474199, -43.1985984
643666 -19.8478756, -43.1989942
643673 -19.8478281, -43.1996630
643708 -19.8469371, -43.1981933
643715 -19.8464906, -43.1978165
643757 -19.8118743, -43.1977869
643764 -19.8122075, -43.1976782
643771 -19.8125316, -43.1975695
643806 -19.8111941, -43.1966206
643813 -19.8114731, -43.1965220
643820 -19.8117792, -43.1964135
643827 -19.8120942, -43.1963050
643834 -19.8132505, -43.1980959
643841 -19.8132026, -43.1978197
643848 -19.8129661, -43.1976601
643862 -19.8128024, -43.1975474
643869 -19.8130266, -43.1973921
643883 -19.8132963, -43.1972650
643904 -19.8132117, -43.1969319
643918 -19.8131454, -43.1966272
643925 -19.8130791, -43.1963225
643932 -19.8130128, -43.1960274
643939 -19.8140536, -43.1988982
643946 -19.8140055, -43.1986124
643953 -19.8139481, -43.1982885
643974 -19.8138997, -43.1979741
643981 -19.8138510, -43.1976215
643988 -19.8138209, -43.1973259
643995 -19.8138085, -43.1969920
644002 -19.8137516, -43.1967254
644009 -19.8136943, -43.1964206
644016 -19.8136278, -43.1960968
644023 -19.8135703, -43.1957729
644079 -19.8143972, -43.1971476
644086 -19.8143586, -43.1968999
644093 -19.8141328, -43.1969024
644114 -19.8143850, -43.1968328
644121 -19.8143094, -43.1964995
644128 -19.8142433, -43.1962139
644135 -19.8455479, -43.1966051
644149 -19.8452115, -43.1954920
644156 -19.8450433, -43.1949402
644163 -19.8448568, -43.1943695
644177 -19.8460078, -43.1974114
644184 -19.8460409, -43.1971151
644191 -19.8460380, -43.1968287
644198 -19.8460617, -43.1964943
644205 -19.8461853, -43.1962065
644261 -19.8473032, -43.1959934
644268 -19.8472997, -43.1956402
644275 -19.8472779, -43.1952777
644282 -19.8472564, -43.1949342
644289 -19.8472441, -43.1946098
644303 -19.8124091, -43.1961773
644310 -19.8123893, -43.1960058
644338 -19.8123243, -43.1958251
644352 -19.8122781, -43.1957302
644366 -19.8121949, -43.1955403
644373 -19.8120745, -43.1952457
644380 -19.8119088, -43.1949422
644387 -19.8118240, -43.1945900
644394 -19.8118125, -43.1943515
644401 -19.8118109, -43.1941892
644408 -19.8115210, -43.1941066
644415 -19.8112672, -43.1940236
644422 -19.8108322, -43.1938853
644485 -19.8119216, -43.1953143
644590 -19.8141767, -43.1958806
644597 -19.8152062, -43.1958499
644604 -19.8141102, -43.1955568
644611 -19.8152117, -43.1955062
644618 -19.8140437, -43.1952331
644625 -19.8151005, -43.1952307
644639 -19.8148808, -43.1949373
644646 -19.8139955, -43.1949377
644653 -19.8142745, -43.1948391
644660 -19.8146981, -43.1947389
644667 -19.8145447, -43.1947597
644716 -19.8129368, -43.1956560
644723 -19.8125473, -43.1955458
644730 -19.8134949, -43.1954588
644737 -19.8128607, -43.1952750
644744 -19.8134193, -43.1951256
644751 -19.8130843, -43.1950530
644758 -19.8133169, -43.1948308
644765 -19.8131961, -43.1944981
644772 -19.8130752, -43.1941559
644779 -19.8129826, -43.1939278
644786 -19.8130154, -43.1936029
644793 -19.8130483, -43.1932780
644807 -19.8472322, -43.1943330
644821 -19.8472103, -43.1939514
644863 -19.8471888, -43.1936080
644870 -19.8471862, -43.1933598
644989 -19.8078189, -43.1942629
645003 -19.8081436, -43.1942115
645010 -19.8084322, -43.1941701
645017 -19.8087209, -43.1941287
645031 -19.8089735, -43.1940972
645038 -19.8093523, -43.1940356
645045 -19.8096139, -43.1940041
645052 -19.8098936, -43.1939723
645059 -19.8101642, -43.1939310
645339 -19.8374557, -43.1940904
645346 -19.8373184, -43.1939106
645353 -19.8372335, -43.1935583
645360 -19.8372573, -43.1932335
645367 -19.8373442, -43.1928984
645374 -19.8381376, -43.1927462
645381 -19.8378029, -43.1926927
645388 -19.8375401, -43.1926193
645395 -19.8376497, -43.1945178
645402 -19.8118710, -43.1938831
645409 -19.8119666, -43.1935098
645430 -19.8120277, -43.1932991
645451 -19.8120709, -43.1930982
645465 -19.8125385, -43.1928925
645472 -19.8120776, -43.1928690
645479 -19.8124206, -43.1928461
645486 -19.8123562, -43.1927323
645493 -19.8121479, -43.1926774
645507 -19.8122727, -43.1925137
645542 -19.8131714, -43.1929521
645549 -19.8130811, -43.1929532
645556 -19.8132795, -43.1929127
645563 -19.8128551, -43.1929366
645570 -19.8470391, -43.1931037
645577 -19.8463685, -43.1928917
645584 -19.8468477, -43.1929340
645591 -19.8459063, -43.1927442
645598 -19.8456161, -43.1926329
645605 -19.8453066, -43.1923977
645619 -19.8450158, -43.1922292
645626 -19.8445288, -43.1923111
645633 -19.8448262, -43.1922409
645640 -19.8446544, -43.1922237
645717 -19.8346316, -43.1926427
645731 -19.8348279, -43.1924018
645738 -19.8350420, -43.1921321
645745 -19.8352831, -43.1918525
645752 -19.8354612, -43.1916023
645822 -19.8477814, -43.1923697
645829 -19.8475534, -43.1921527
645836 -19.8471195, -43.1921194
645843 -19.8473250, -43.1918975
645850 -19.8469185, -43.1919021
645857 -19.8475035, -43.1916855
645864 -19.8466448, -43.1916284
645871 -19.8477183, -43.1914826
645878 -19.8464441, -43.1914397
645892 -19.8461984, -43.1912611
645920 -19.8479148, -43.1912703
645927 -19.8367939, -43.1920741
645934 -19.8364775, -43.1920490
645941 -19.8362063, -43.1920330
645948 -19.8359346, -43.1919692
645955 -19.8368829, -43.1919490
645962 -19.8356977, -43.1917619
645969 -19.8352148, -43.1913569
645976 -19.8349778, -43.1911495
645983 -19.8442583, -43.1923523
645990 -19.8438583, -43.1921086
645997 -19.8434951, -43.1919218
646004 -19.8430683, -43.1917071
646011 -19.8426602, -43.1915399
646018 -19.8407721, -43.1915326
646025 -19.8411327, -43.1914617
646032 -19.8422886, -43.1914200
646039 -19.8414122, -43.1914108
646046 -19.8417639, -43.1913495
646053 -19.8420257, -43.1913275
646060 -19.8375827, -43.1923611
646074 -19.8375714, -43.1921416
646081 -19.8375149, -43.1919132
646095 -19.8368906, -43.1918152
646102 -19.8374135, -43.1917138
646109 -19.8370875, -43.1916316
646123 -19.8372761, -43.1915245
646137 -19.8375086, -43.1912927
646144 -19.8376336, -43.1911481
646151 -19.8380087, -43.1907238
646158 -19.8385051, -43.1906800
646165 -19.8378746, -43.1908590
646172 -19.8377675, -43.1909843
646214 -19.8380427, -43.1905134
646221 -19.8380857, -43.1902934
646319 -19.8135487, -43.1927379
646326 -19.8137729, -43.1925826
646340 -19.8137788, -43.1922676
646347 -19.8138024, -43.1919237
646354 -19.8138263, -43.1916084
646361 -19.8138412, -43.1912933
646368 -19.8138740, -43.1909684
646375 -19.8138799, -43.1906534
646382 -19.8138949, -43.1903573
646389 -19.8139011, -43.1900709
646396 -19.8139436, -43.1898127
646403 -19.8141977, -43.1899243
646424 -19.8458254, -43.1909980
646431 -19.8455352, -43.1908868
646438 -19.8452630, -43.1907753
646445 -19.8449907, -43.1906447
646452 -19.8447363, -43.1904948
646459 -19.8444455, -43.1903263
646466 -19.8441286, -43.1902535
646522 -19.8144443, -43.1910860
646529 -19.8144592, -43.1907709
646536 -19.8144737, -43.1904176
646543 -19.8144885, -43.1900929
646550 -19.8144518, -43.1900360
646557 -19.8370114, -43.1912506
646578 -19.8367288, -43.1909961
646606 -19.8364371, -43.1907416
646613 -19.8362451, -43.1905147
646620 -19.8360720, -43.1903735
646627 -19.8363336, -43.1903323
646648 -19.8347317, -43.1909328
646655 -19.8344855, -43.1907065
646662 -19.8342215, -43.1904994
646669 -19.8339754, -43.1902827
646676 -19.8402574, -43.1906602
646683 -19.8412416, -43.1906204
646690 -19.8406274, -43.1906273
646697 -19.8409436, -43.1906237
646704 -19.8416182, -43.1903393
646711 -19.8421952, -43.1902277
646718 -19.8419970, -43.1902872
647341 -19.8437850, -43.1902192
647348 -19.8435405, -43.1901647
647355 -19.8425829, -43.1901565
647362 -19.8428627, -43.1901342
647369 -19.8431876, -43.1901019
647383 -19.8329048, -43.1907148
647397 -19.8331096, -43.1904261
647404 -19.8333061, -43.1902043
647411 -19.8337384, -43.1900753
647418 -19.8335380, -43.1899153
647425 -19.8332555, -43.1896703
647432 -19.8330186, -43.1894725
647439 -19.8327911, -43.1893033
647446 -19.8325094, -43.1891347
647467 -19.8379115, -43.1900471
647474 -19.8377648, -43.1898292
647481 -19.8375537, -43.1895071
647684 -19.8365951, -43.1902912
647691 -19.8368837, -43.1902402
647698 -19.8368257, -43.1898685
647817 -19.8341162, -43.1899183
647824 -19.8341870, -43.1897743
647831 -19.8346108, -43.1896931
647838 -19.8343920, -43.1895047
647845 -19.8335604, -43.1894473
647852 -19.8345973, -43.1892542
647859 -19.8348113, -43.1889845
648272 -19.8320045, -43.1892358
648286 -19.8321641, -43.1889381
648293 -19.8319550, -43.1888068
648307 -19.8316825, -43.1886572
648342 -19.8303966, -43.1892350
648349 -19.8303759, -43.1889775
648356 -19.8304456, -43.1887285
648363 -19.8305785, -43.1884692
648370 -19.8305665, -43.1881735
648419 -19.8352810, -43.1889791
648440 -19.8350074, -43.1887245
648461 -19.8352216, -43.1884643
648741 -19.8314283, -43.1885360
648811 -19.8307082, -43.1878950
648832 -19.8311379, -43.1884056
648839 -19.8308384, -43.1882658
648944 -19.8156348, -43.1882186
648951 -19.8153627, -43.1881167
648972 -19.8150362, -43.1879868
648979 -19.8147458, -43.1878564
649049 -19.8285365, -43.1884256
649084 -19.8290647, -43.1879518
649210 -19.8136912, -43.1880784
649217 -19.8135096, -43.1879945
649224 -19.8132374, -43.1878735
649245 -19.8139582, -43.1894689
649252 -19.8139548, -43.1891349
649259 -19.8139160, -43.1888681
649266 -19.8139045, -43.1886296
649273 -19.8139021, -43.1883910
649294 -19.8139175, -43.1881331
649301 -19.8139055, -43.1878373
649308 -19.8145008, -43.1877447
649315 -19.8142285, -43.1876237
649322 -19.8139027, -43.1875606
649329 -19.8139474, -43.1875123
649336 -19.8139001, -43.1873029
649518 -19.8281215, -43.1884780
649525 -19.8280395, -43.1884121
649532 -19.8279184, -43.1880507
649539 -19.8278067, -43.1877179
649546 -19.8276947, -43.1873660
649553 -19.8275736, -43.1870046
649560 -19.8274434, -43.1866434
649567 -19.8273410, -43.1863391
649574 -19.8272571, -43.1860823
649581 -19.8282028, -43.1884771
649588 -19.8283912, -43.1883508
649595 -19.8285708, -43.1882438
649602 -19.8288222, -43.1880978
649609 -19.8293077, -43.1878632
649616 -19.8295511, -43.1878127
649623 -19.8298035, -43.1877621
649630 -19.8300832, -43.1877303
649637 -19.8303543, -43.1877463
649644 -19.8306255, -43.1877623
649707 -19.8354178, -43.1882139
649714 -19.8356048, -43.1879540
649721 -19.8357646, -43.1876754
649728 -19.8358978, -43.1874448
649735 -19.8360305, -43.1871760
649833 -19.8133014, -43.1870615
649840 -19.8135081, -43.1869542
649854 -19.8137236, -43.1868276
649861 -19.8137957, -43.1868077
650106 -19.8138977, -43.1870643
650141 -19.8139039, -43.1867874
650162 -19.8140383, -43.1866809
650169 -19.8152298, -43.1865910
650176 -19.8142268, -43.1865642
650183 -19.8139105, -43.1865487
650190 -19.8149394, -43.1864607
650197 -19.8144424, -43.1864472
650204 -19.8146491, -43.1863399
650414 -19.8159253, -43.1865831
650421 -19.8157785, -43.1863653
650428 -19.8148378, -43.1862423
650435 -19.8156226, -43.1861284
650442 -19.8149893, -43.1860401
650449 -19.8154577, -43.1859012
650456 -19.8151409, -43.1858475
650463 -19.8153197, -43.1856641
650897 -19.8275181, -43.1859934
650904 -19.8277975, -43.1859234
650918 -19.8271738, -43.1858923
650925 -19.8270905, -43.1856928
650939 -19.8269978, -43.1854552
651114 -19.8139171, -43.1863100
651121 -19.8139238, -43.1860809
651128 -19.8139391, -43.1858039
651135 -19.8138102, -43.1855667
651142 -19.8139991, -43.1854882
651149 -19.8136810, -43.1853009
651156 -19.8141227, -43.1852100
651163 -19.8140863, -43.1851818
651170 -19.8143571, -43.1851596
651184 -19.8146094, -43.1850995
651198 -19.8148978, -43.1850294
651212 -19.8141736, -43.1848849
652052 -19.8135981, -43.1851396
652059 -19.8133261, -43.1850473
652066 -19.8135059, -43.1849593
652073 -19.8134137, -43.1847790
652080 -19.8131943, -43.1845238
652311 -19.8148546, -43.1843427
652318 -19.8151159, -43.1842729
652325 -19.8153681, -43.1842032
652458 -19.8167598, -43.1842542
652465 -19.8165409, -43.1840467
652472 -19.8167389, -43.1839777
652479 -19.8162855, -43.1838110
652486 -19.8158610, -43.1838158
652493 -19.8167176, -43.1836629
652500 -19.8160666, -43.1836035
652507 -19.8158204, -43.1833772
652521 -19.8276219, -43.1846463
652528 -19.8274384, -43.1843716
652535 -19.8272372, -43.1841257
652542 -19.8270450, -43.1838797
652577 -19.8260206, -43.1826408
652584 -19.8257388, -43.1824627
652591 -19.8254746, -43.1822461
652598 -19.8261863, -43.1829444
652766 -19.8142436, -43.1846550
652780 -19.8143318, -43.1844536
652787 -19.8142952, -43.1844063
652794 -19.8145843, -43.1844030
652808 -19.8143560, -43.1841670
652815 -19.8144344, -43.1838797
653578 -19.8166964, -43.1833482
653585 -19.8166684, -43.1832626
653592 -19.8164769, -43.1830834
653599 -19.8162581, -43.1828854
653613 -19.8160574, -43.1826968
653627 -19.8158568, -43.1825177
653634 -19.8156290, -43.1823199
653641 -19.8154283, -43.1821313
653648 -19.8156339, -43.1819094
653655 -19.8151821, -43.1819050
654649 -19.8252642, -43.1819908
654656 -19.8251165, -43.1816775
654663 -19.8249152, -43.1814220
654670 -19.8247416, -43.1812331
654677 -19.8246120, -43.1809291
654684 -19.8244833, -43.1807015
655062 -19.8158390, -43.1816494
655076 -19.8160353, -43.1814085
655097 -19.8162582, -43.1811292
655223 -19.8146717, -43.1814526
655230 -19.8144256, -43.1812359
655237 -19.8142158, -43.1810379
655244 -19.8146399, -43.1809948
655251 -19.8140340, -43.1809254
655258 -19.8140150, -43.1808397
655293 -19.8136048, -43.1804721
655300 -19.8149268, -43.1816693
655307 -19.8151414, -43.1814568
655314 -19.8153377, -43.1812160
655321 -19.8155072, -43.1810041
655328 -19.8156589, -43.1808210
655671 -19.8249452, -43.1808203
655685 -19.8252785, -43.1807306
655692 -19.8255573, -43.1806129
656210 -19.8148452, -43.1807539
656217 -19.8148446, -43.1806966
656224 -19.8146441, -43.1805176
656231 -19.8150413, -43.1804939
656238 -19.8144799, -43.1803667
656245 -19.8152466, -43.1802530
656252 -19.8154608, -43.1799928
656259 -19.8156570, -43.1797520
656266 -19.8156175, -43.1794184
656343 -19.8242826, -43.1805129
656350 -19.8240378, -43.1804202
656357 -19.8238205, -43.1803749
656364 -19.8245245, -43.1803192
656371 -19.8235667, -43.1802919
656406 -19.8234739, -43.1800448
656938 -19.8138294, -43.1803550
656945 -19.8140183, -43.1802765
656952 -19.8142702, -43.1801782
656959 -19.8145580, -43.1800508
657036 -19.8115844, -43.1798938
657043 -19.8112683, -43.1798974
657050 -19.8109612, -43.1799009
657064 -19.8118728, -43.1798237
657687 -19.8225448, -43.1801795
657694 -19.8228504, -43.1800328
657701 -19.8231481, -43.1799912
657708 -19.8237439, -43.1799558
657715 -19.8239136, -43.1797630
657722 -19.8240733, -43.1794748
657729 -19.8242887, -43.1793387
657736 -19.8244599, -43.1792986
657743 -19.8246040, -43.1792587
657750 -19.8222298, -43.1802976
657757 -19.8175540, -43.1797495
657764 -19.8174998, -43.1797501
657778 -19.8173180, -43.1796376
657792 -19.8177875, -43.1796132
657799 -19.8171448, -43.1794869
657806 -19.8180568, -43.1794478
657813 -19.8168994, -43.1793369
657820 -19.8182992, -43.1793019
657827 -19.8185235, -43.1791466
657834 -19.8187658, -43.1789912
657841 -19.8190083, -43.1788548
657848 -19.8192248, -43.1788237
658429 -19.8219861, -43.1803099
658436 -19.8216509, -43.1802183
658443 -19.8213875, -43.1800781
658450 -19.8211869, -43.1798990
658457 -19.8209405, -43.1796536
658464 -19.8206675, -43.1794563
658471 -19.8204572, -43.1792105
658478 -19.8202746, -43.1790122
658485 -19.8194856, -43.1787157
658492 -19.8201898, -43.1786695
658499 -19.8196831, -43.1785894
658506 -19.8200700, -43.1784418
658513 -19.8199072, -43.1784245
658562 -19.8121431, -43.1797538
658569 -19.8124218, -43.1796265
658590 -19.8125731, -43.1794053
658597 -19.8126704, -43.1792037
658604 -19.8128212, -43.1789252
658611 -19.8129541, -43.1786755
658618 -19.8131139, -43.1783969
658625 -19.8132375, -43.1781187
658632 -19.8133615, -43.1778787
658821 -19.8179801, -43.1790096
658828 -19.8183034, -43.1788246
658940 -19.8139044, -43.1788461
658947 -19.8136591, -43.1787152
658961 -19.8134955, -43.1786121
658968 -19.8132956, -43.1784999
659199 -19.8248734, -43.1791029
659206 -19.8251335, -43.1789186
659213 -19.8253661, -43.1786964
659486 -19.8165992, -43.1791304
659493 -19.8163810, -43.1789897
659500 -19.8168324, -43.1789655
659507 -19.8161719, -43.1788584
659514 -19.8171377, -43.1787902
659521 -19.8178327, -43.1787345
659528 -19.8174340, -43.1786150
659535 -19.8177037, -43.1784878
659542 -19.8179819, -43.1783033
659549 -19.8175287, -43.1781557
659605 -19.8112366, -43.1785615
659612 -19.8114046, -43.1782064
659619 -19.8115460, -43.1778994
659626 -19.8116963, -43.1775731
659927 -19.8159718, -43.1787271
659948 -19.8165104, -43.1783964
659962 -19.8167798, -43.1782406
659969 -19.8171031, -43.1780556
659976 -19.8174087, -43.1778994
660284 -19.8103727, -43.1779986
660291 -19.8106787, -43.1778902
660340 -19.8128411, -43.1782187
660347 -19.8120822, -43.1782082
660354 -19.8125320, -43.1780313
660361 -19.8122324, -43.1778820
660382 -19.8119686, -43.1777037
660501 -19.8155598, -43.1790754
660515 -19.8155203, -43.1787418
660522 -19.8157997, -43.1786813
660536 -19.8154905, -43.1784844
660550 -19.8152269, -43.1783251
660557 -19.8154247, -43.1782274
660564 -19.8149449, -43.1781279
660578 -19.8146904, -43.1779781
660585 -19.8144903, -43.1778372
660592 -19.8141995, -43.1776687
660872 -19.8156497, -43.1781485
660879 -19.8158919, -43.1779835
660886 -19.8155114, -43.1778733
660893 -19.8161973, -43.1778082
661313 -19.8182603, -43.1781474
661320 -19.8184938, -43.1780111
661327 -19.8186824, -43.1779040
661341 -19.8185538, -43.1776954
661943 -19.8172612, -43.1776147
661950 -19.8165116, -43.1776328
661957 -19.8168350, -43.1774478
661964 -19.8171046, -43.1773111
661971 -19.8173827, -43.1771265
661978 -19.8169570, -43.1770168
662055 -19.8135212, -43.1775905
662062 -19.8139445, -43.1774712
662069 -19.8136720, -43.1773216
662083 -19.8133990, -43.1771242
662090 -19.8138226, -43.1770335
662104 -19.8140092, -43.1767259
662552 -19.8110395, -43.1778383
662559 -19.8112641, -43.1777117
662566 -19.8114599, -43.1774231
662573 -19.8116013, -43.1771161
662580 -19.8117699, -43.1768183
662587 -19.8119028, -43.1765686
662594 -19.8120448, -43.1763188
662608 -19.8121058, -43.1760986
662622 -19.8124035, -43.1760570
662629 -19.8121413, -43.1760409
662650 -19.8137452, -43.1765285
662748 -19.8168005, -43.1767227
662755 -19.8170427, -43.1765577
662762 -19.8166347, -43.1764096
662769 -19.8173571, -43.1763919
662783 -19.8176086, -43.1762458
662790 -19.8178960, -43.1760803
662881 -19.8140804, -43.1766201
662888 -19.8142058, -43.1765137
662895 -19.8143849, -43.1763685
662902 -19.8145733, -43.1762327
663070 -19.8162258, -43.1761757
663077 -19.8159638, -43.1761787
663084 -19.8156658, -43.1761821
663091 -19.8153316, -43.1761859
663098 -19.8149884, -43.1761993
663105 -19.8146633, -43.1762030
663112 -19.8165054, -43.1761343
663161 -19.8187655, -43.1763090
663168 -19.8184483, -43.1762076
663175 -19.8181120, -43.1760014
663812 -19.8146435, -43.1760315
663826 -19.8146858, -43.1757542
663840 -19.8154422, -43.1755165
663854 -19.8150807, -43.1755015
663861 -19.8146651, -43.1754967
663896 -19.8143216, -43.1754720
664197 -19.8124102, -43.1758374
664218 -19.8124896, -43.1756456
664225 -19.8123250, -43.1754470
664246 -19.8121421, -43.1752296
664267 -19.8119317, -43.1749743
664414 -19.8107911, -43.1756268
664575 -19.8114210, -43.1753810
664582 -19.8110416, -43.1753853
664589 -19.8112473, -43.1751825
664596 -19.8110918, -43.1749934
664603 -19.8114798, -43.1749508
664610 -19.8109455, -43.1748233
664617 -19.8107445, -43.1745965
664624 -19.8105524, -43.1743696
664631 -19.8103697, -43.1741617
664645 -19.8102325, -43.1740010
664652 -19.8100589, -43.1738026
664792 -19.8117304, -43.1747189
664799 -19.8119002, -43.1745451
664806 -19.8115114, -43.1745114
664813 -19.8120970, -43.1743520
664834 -19.8123117, -43.1741491
664848 -19.8125262, -43.1739271
665632 -19.8127857, -43.1736856
665639 -19.8126127, -43.1735539
665646 -19.8123767, -43.1734421
665653 -19.8121487, -43.1732251
665660 -19.8119213, -43.1730750
665926 -19.8098943, -43.1736136
665947 -19.8097023, -43.1733867
666094 -19.8114395, -43.1727751
666101 -19.8111319, -43.1727309
666108 -19.8109054, -43.1726667
666136 -19.8107589, -43.1724774
666178 -19.8105578, -43.1722411
793004 -19.8378267, -43.1950504
793011 -19.8377790, -43.1947932
793018 -19.8378031, -43.1953943
793025 -19.8377791, -43.1957001
793032 -19.8377719, -43.1958815
793116 -19.8377324, -43.1964452
793123 -19.8377392, -43.1962160
793277 -19.8375065, -43.2062900
793410 -19.8153002, -43.1989032
794439 -19.8401836, -43.2030142
794446 -19.8367662, -43.2027471
794453 -19.8393418, -43.2091334
794460 -19.8378208, -43.2114988
794551 -19.8160151, -43.1981316
794558 -19.8164677, -43.1982219
794565 -19.8184568, -43.1983904
794754 -19.8130201, -43.1985376
794761 -19.8131714, -43.1983068
794768 -19.8129407, -43.1987198
794775 -19.8129059, -43.1988539
794782 -19.8129720, -43.1991395
795951 -19.8399159, -43.1917237
795958 -19.8404024, -43.1915941
795965 -19.8398148, -43.1915530
795972 -19.8396954, -43.1913634
795979 -19.8395393, -43.1911074
795986 -19.8398784, -43.1907026
796000 -19.8394107, -43.1908989
800088 -19.8526430, -43.2041437
800095 -19.8525998, -43.2043447
800102 -19.8523732, -43.2042613
800109 -19.8520832, -43.2041691
800116 -19.8518381, -43.2040573
800172 -19.8528627, -43.2044372
800179 -19.8533954, -43.2044121
800200 -19.8533612, -43.2046034
800207 -19.8531256, -43.2045297
800214 -19.8535607, -43.2046775
800228 -19.8540663, -43.2046528
800256 -19.8540320, -43.2048345
800263 -19.8538508, -43.2047793
801922 -19.8535282, -43.2158292
802377 -19.8041957, -43.2139557
802839 -19.8473635, -43.2046518
802846 -19.8471535, -43.2044250
806801 -19.8391561, -43.1925151
806843 -19.8391315, -43.1927636
806850 -19.8386352, -43.1928169
806857 -19.8367073, -43.1933351
806864 -19.8367496, -43.1930578
806871 -19.8368007, -43.1927518
806878 -19.8368336, -43.1924268
806885 -19.8368577, -43.1921306
806906 -19.8366738, -43.1935933
806913 -19.8366143, -43.1939663
806948 -19.8365891, -43.1941479
806955 -19.8364961, -43.1947790
806962 -19.8365461, -43.1943680
806997 -19.8364370, -43.1951902
807004 -19.8364002, -43.1951238
807011 -19.8363871, -43.1956108
807018 -19.8367100, -43.1953876
807025 -19.8363188, -43.1960029
807032 -19.8358351, -43.1946242
807039 -19.8355890, -43.1944074
807046 -19.8353338, -43.1941812
807074 -19.8361269, -43.1948977
807081 -19.8359487, -43.1951384
807088 -19.8357791, -43.1953408
807102 -19.8343949, -43.1933518
807130 -19.8333326, -43.1892494
807137 -19.8330595, -43.1890425
807144 -19.8332114, -43.1888880
807305 -19.8280660, -43.1865695
807312 -19.8279364, -43.1862655
807319 -19.8281497, -43.1868072
807354 -19.8269142, -43.1852366
807361 -19.8271930, -43.1851094
807368 -19.8268114, -43.1848941
807375 -19.8267357, -43.1845609
807382 -19.8274719, -43.1850012
807389 -19.8277417, -43.1848836
807396 -19.8266871, -43.1842178
807403 -19.8265756, -43.1839136
807410 -19.8264275, -43.1835621
807417 -19.8262889, -43.1832582
808082 -19.8114586, -43.1746456
808103 -19.8417574, -43.1978413
808922 -19.8320485, -43.1917937
808929 -19.8318435, -43.1920633
808936 -19.8322804, -43.1914951
808943 -19.8324856, -43.1912446
808950 -19.8326906, -43.1909750
811071 -19.8419756, -43.2015620
811659 -19.8421718, -43.2031063
812793 -19.8366446, -43.2014311
812800 -19.8423120, -43.2098542
812807 -19.8527375, -43.2117518
812842 -19.8562448, -43.2101849
812863 -19.8124339, -43.2013217
815789 -19.8374142, -43.1980239
815817 -19.8374651, -43.1976988
815824 -19.8375521, -43.1973732
815831 -19.8376211, -43.1970479
815838 -19.8376814, -43.1967608
817987 -19.8428831, -43.2010744
817994 -19.8424508, -43.2012034
2284550 -19.8080953, -43.1930095
2284557 -19.8077513, -43.1938342
2289590 -19.8137650, -43.1926877
2291424 -19.8383332, -43.1888682
2291620 -19.8306040, -43.1883162
2291627 -19.8391210, -43.1899475
2291634 -19.8401046, -43.1925139
2291641 -19.8401103, -43.1957596
2291648 -19.8407590, -43.1964778
2291655 -19.8410893, -43.1969896
2291662 -19.8392693, -43.1965615
2291669 -19.8468424, -43.2040276
2291676 -19.8494778, -43.2011147
2291683 -19.8498861, -43.2075639
2291690 -19.8502796, -43.2098699
2291697 -19.8486937, -43.2111670
2291704 -19.8517373, -43.2110947
2291711 -19.8534544, -43.2111709
2291718 -19.8556238, -43.2113089
2291725 -19.8502968, -43.2169919
2291732 -19.8507401, -43.2179608
2291746 -19.8474664, -43.2067891
2291753 -19.8448234, -43.2062747
2291760 -19.8421514, -43.2037653
2291767 -19.8403012, -43.2039293
2291774 -19.8423997, -43.2033043
2291781 -19.8402422, -43.2034526
2291795 -19.8400622, -43.2062136
2291802 -19.8390698, -43.2090410
2291809 -19.8386656, -43.2101624
2291816 -19.8343672, -43.1995475
2291823 -19.8116210, -43.1746247
2291837 -19.8141845, -43.1993358
2291858 -19.8158335, -43.1980382
2291865 -19.8180061, -43.1984910
2291872 -19.8111251, -43.1969459
2291879 -19.8093869, -43.2037422
2291886 -19.8063830, -43.2104571
2291893 -19.8058515, -43.2115129
2291900 -19.8058716, -43.2135170
2291907 -19.8058849, -43.2148531
2907284 -19.8133276, -43.2003667
2907291 -19.8134691, -43.2000597
2907298 -19.8130913, -43.1993290
3102682 -19.8192374, -43.2014552
3241905 -19.8484726, -43.2098424
3241912 -19.8485663, -43.2101755
3242073 -19.8488864, -43.2096660
3242549 -19.8393281, -43.2050763
3242556 -19.8384934, -43.2065176
3410493 -19.8417520, -43.2089631
3410605 -19.8368923, -43.1955478
3410668 -19.8368212, -43.1956632
3447796 -19.8428093, -43.2009225
3534610 -19.8143122, -43.1994584
3535478 -19.8229467, -43.2037998
3535485 -19.8231662, -43.2040742
3535506 -19.8479637, -43.1925299
3536857 -19.8119030, -43.1952572
3537144 -19.8117567, -43.1941898
3541862 -19.8387693, -43.1908966
3546566 -19.8441446, -43.1927259
3603301 -19.8058329, -43.2150732
3687154 -19.8045608, -43.2134267
3739199 -19.8341947, -43.1932013
3976058 -19.8157103, -43.1840943
3976191 -19.8159474, -43.1843112
3976198 -19.8161662, -43.1845091
3976205 -19.8163852, -43.1847262
3976212 -19.8166405, -43.1849619
3976219 -19.8170235, -43.1853107
3985949 -19.8476478, -43.1987963
4035915 -19.8362764, -43.1962803
4035922 -19.8362339, -43.1965480
4035929 -19.8362095, -43.1968156
4035936 -19.8361759, -43.1970642
4263485 -19.8406120, -43.1962408
4263562 -19.8403749, -43.1960144
4264759 -19.8413919, -43.1974349
4264787 -19.8415105, -43.1975481
4265466 -19.8418147, -43.2017261
4265753 -19.8443017, -43.2055932
4265970 -19.8378634, -43.2031548
4265977 -19.8372855, -43.2022831
4266159 -19.8364649, -43.2015286
4267153 -19.8350048, -43.2000654
4267160 -19.8357349, -43.2008017
4275280 -19.8389424, -43.2044505
4275301 -19.8398516, -43.2068269
4275567 -19.8382540, -43.2105584
4275749 -19.8482872, -43.2093672
4275875 -19.8500351, -43.2080110
4275903 -19.8501760, -43.2085440
4276085 -19.8510084, -43.2104823
4276239 -19.8533755, -43.2141124
4276631 -19.8512642, -43.2044742
4369598 -19.8169563, -43.1983023
4369619 -19.8172550, -43.1983562
4384473 -19.8060643, -43.2111096
4384564 -19.8086186, -43.2054879
4384578 -19.8089897, -43.2046629
4384620 -19.8101864, -43.2006025
4728803 -19.8469615, -43.2041981
4778062 -19.8303614, -43.1875553
4798355 -19.8483445, -43.1926688
4800217 -19.8147801, -43.1948048
4881942 -19.8356184, -43.1955335
4895473 -19.8106559, -43.1889622
4895480 -19.8115058, -43.1926083
4897769 -19.8405540, -43.1967570
4901227 -19.8117689, -43.1927198
4901234 -19.8112519, -43.1925061
4901241 -19.8110250, -43.1924037
4901248 -19.8110060, -43.1923085
4901255 -19.8111114, -43.1920209
4901262 -19.8112081, -43.1917526
4901269 -19.8112866, -43.1914749
4901276 -19.8113379, -43.1911880
4901283 -19.8113716, -43.1909490
4901290 -19.8114055, -43.1907291
4901297 -19.8114116, -43.1904427
4901304 -19.8113641, -43.1902141
4901311 -19.8112800, -43.1899383
4901318 -19.8111419, -43.1896726
4901325 -19.8109768, -43.1894358
4901332 -19.8108209, -43.1891990
4901339 -19.8104910, -43.1887350
4901346 -19.8103169, -43.1884984
4901353 -19.8101520, -43.1882712
4901360 -19.8099780, -43.1880345
4901367 -19.8097399, -43.1877127
4901374 -19.8095475, -43.1874476
4901381 -19.8093641, -43.1871825
4901815 -19.8105796, -43.1939168
5023678 -19.8336788, -43.1895414
5174822 -19.8517861, -43.2051749
5174836 -19.8519406, -43.2061565
5378123 -19.8134862, -43.1803589
5378130 -19.8132883, -43.1804375
5557834 -19.8132106, -43.1995090
5557841 -19.8134401, -43.1998691
5657122 -19.8354489, -43.1957455
5657129 -19.8352796, -43.1959670
5657136 -19.8350834, -43.1962269
5687250 -19.8454721, -43.2052077
5746057 -19.8513767, -43.2066784
5780721 -19.8513174, -43.2160735
5845569 -19.8419912, -43.2013136
5845576 -19.8421475, -43.2015887
5845583 -19.8421410, -43.2018370
5845590 -19.8420350, -43.2020768
5845597 -19.8418017, -43.2022322
5845604 -19.8410154, -43.2030907
5845611 -19.8391047, -43.2044201
5845688 -19.8370348, -43.2025054
5845695 -19.8382044, -43.2038288
5877412 -19.8391070, -43.2037518
5877419 -19.8390816, -43.2039239
5898370 -19.8348694, -43.1964966
5902185 -19.8180310, -43.1760310
5902192 -19.8188441, -43.1760408
5902199 -19.8188043, -43.1756881
5902206 -19.8188733, -43.1753628
5902213 -19.8189334, -43.1750567
5902220 -19.8189926, -43.1746646
5911894 -19.8233845, -43.2042149
5911901 -19.8236743, -43.2042880
5994382 -19.8503400, -43.2168005
5994396 -19.8347092, -43.1967371
5994403 -19.8344946, -43.1969591
5994410 -19.8342121, -43.1967141
5994417 -19.8339205, -43.1964596
6009768 -19.8161539, -43.2011463
6217654 -19.8080533, -43.1942221
6218452 -19.8359242, -43.1873776
6407263 -19.8044290, -43.2137908
6527341 -19.8163359, -43.2003806
7145490 -19.8127662, -43.1975478
7486628 -19.8545591, -43.2150348
7486649 -19.8544347, -43.2170507
7652423 -19.8081114, -43.1928184
7688991 -19.8455078, -43.2060569
7688998 -19.8452471, -43.2061840
8064212 -19.8239359, -43.2042564
8064219 -19.8242247, -43.2042246
8078114 -19.8162924, -43.2005434
8086955 -19.8365465, -43.1961913
8086962 -19.8367835, -43.1963986
8086969 -19.8370478, -43.1966343
8086990 -19.8371846, -43.1967569
8087123 -19.8371042, -43.1968532
8141373 -19.8169940, -43.1833066
8141380 -19.8172675, -43.1835517
8183149 -19.8333649, -43.1897645
8183156 -19.8333842, -43.1898884
8701211 -19.8525922, -43.2062828
8701214 -19.8528944, -43.2066900
8701216 -19.8529080, -43.2071385
8701217 -19.8535344, -43.2074466
8722483 -19.8414117, -43.1904657
8738700 -19.8420090, -43.2093708
8769202 -19.8170083, -43.1855973
8778534 -19.8175142, -43.1838257
8780322 -19.8416877, -43.2034746
8780337 -19.8425237, -43.2030642
8780432 -19.8456319, -43.1968715
8780434 -19.8454639, -43.1963388
8780435 -19.8452957, -43.1957774
8856771 -19.8336379, -43.1962051
8856772 -19.8333554, -43.1959600
8856774 -19.8330820, -43.1957245
8873912 -19.8079272, -43.1942522
8897200 -19.8481485, -43.1929288
8897201 -19.8482683, -43.1931661
8922188 -19.8078255, -43.1940242
8929824 -19.8478470, -43.1943834
8929825 -19.8478865, -43.1947171
8929828 -19.8478069, -43.1939924
8929830 -19.8478120, -43.1936009
8929833 -19.8479618, -43.1932269
8929838 -19.8486261, -43.1928184
8929840 -19.8489064, -43.1928439
8929842 -19.8500642, -43.1929931
8929845 -19.8492591, -43.1928876
8929849 -19.8496119, -43.1929314
8929852 -19.8498198, -43.1929481
8929853 -19.8500695, -43.1926302
8929878 -19.8499825, -43.1938437
8929880 -19.8498796, -43.1943890
8929913 -19.8493842, -43.1954257
8929921 -19.8489112, -43.1951065
8929922 -19.8491476, -43.1952565
8929923 -19.8490277, -43.1950097
8929924 -19.8493326, -43.1947866
8929926 -19.8496465, -43.1945635
8929927 -19.8485338, -43.1953017
8929928 -19.8481015, -43.1954307
8929930 -19.8479354, -43.1950793
8930188 -19.8496569, -43.1955945
8930189 -19.8499651, -43.1956960
8930190 -19.8503712, -43.1956628
8930191 -19.8507773, -43.1956200
8930192 -19.8512007, -43.1955006
8930193 -19.8511492, -43.1957685
8930194 -19.8510710, -43.1960749
8930195 -19.8511372, -43.1963701
8930196 -19.8512669, -43.1966837
8930197 -19.8514056, -43.1970068
8930207 -19.8519291, -43.1987480
8930210 -19.8523195, -43.1989441
8930211 -19.8522638, -43.1987919
8930212 -19.8520978, -43.1984597
8930213 -19.8519595, -43.1981844
8930215 -19.8518120, -43.1978901
8930217 -19.8515999, -43.1974628
8930219 -19.8514985, -43.1972635
8930228 -19.8526282, -43.1991029
8930229 -19.8529007, -43.1992430
8930240 -19.8526326, -43.1968497
8930241 -19.8527895, -43.1971821
8930242 -19.8529465, -43.1975240
8930243 -19.8530944, -43.1978565
8930244 -19.8532606, -43.1982079
8930249 -19.8531548, -43.1993643
8930260 -19.8536991, -43.1978019
8930263 -19.8535241, -43.1974697
8930265 -19.8533405, -43.1971759
8930266 -19.8530046, -43.1970173
8930267 -19.8516461, -43.1948846
8930268 -19.8524298, -43.1964510
8930269 -19.8522636, -43.1960996
8930270 -19.8520976, -43.1957578
8930272 -19.8519316, -43.1954255
8930273 -19.8517658, -43.1951124
8930274 -19.8514931, -43.1949436
8930275 -19.8512608, -43.1951944
8930276 -19.8514105, -43.1956988
8930277 -19.8515764, -43.1960310
8930278 -19.8517334, -43.1963730
8930618 -19.8396795, -43.1906858
8930619 -19.8392041, -43.1901279
8939250 -19.8522569, -43.2061720
8945600 -19.8246307, -43.2041818
8954480 -19.8109953, -43.1939312
8922480 -19.8450486, -43.1945773
9010490 -19.8482374, -43.1927942
9027235 -19.8249941, -43.2043782
9027236 -19.8251328, -43.2047012
9031322 -19.8316293, -43.1923234
9031324 -19.8313615, -43.1926415
9031326 -19.8311651, -43.1928728
9031329 -19.8309868, -43.1931039
9031330 -19.8313147, -43.1933675
9031334 -19.8316246, -43.1936408
9068320 -19.8080468, -43.1926855
9118534 -19.8477650, -43.2005707
9118535 -19.8478042, -43.1999784
9164376 -19.8395259, -43.1906780
9164382 -19.8393728, -43.1907275
9181411 -19.8108318, -43.1778407
9195206 -19.8460255, -43.1911390
9195404 -19.8499487, -43.1940827
9196276 -19.8521197, -43.1988413
9196307 -19.8528232, -43.1969430
9196316 -19.8512262, -43.1953476
9196330 -19.8530096, -43.1992991
9196774 -19.8489930, -43.1951533
9236914 -19.8115781, -43.1774981
9254991 -19.8170873, -43.1853673
9255994 -19.8465034, -43.2035636
9255996 -19.8463020, -43.2032985
9255997 -19.8460458, -43.2029673
9255999 -19.8457807, -43.2026552
9273061 -19.8139601, -43.1896598
9320030 -19.8515500, -43.2050439
9327227 -19.8078994, -43.1941857
9334489 -19.8374396, -43.1978614
9356171 -19.8116588, -43.1747865
